0 0.4015625 0.3109375 0.01640625 0.0171875
0 0.62734375 0.2546875 0.015625 0.015625
0 0.55546875 0.409375 0.015625 0.0140625
0 0.7734375 0.2078125 0.01640625 0.01640625
0 0.1640625 0.421875 0.01484375 0.01484375
0 0.82734375 0.3390625 0.015625 0.0140625
0 0.471875 0.63046875 0.0171875 0.015625
0 0.54375 0.2578125 0.0140625 0.01328125
0 0.5125 0.084375 0.01640625 0.01484375
0 0.3734375 0.365625 0.01484375 0.0140625
0 0.4625 0.44453125 0.0171875 0.015625
0 0.56953125 0.45546875 0.015625 0.01640625
0 0.93046875 0.2296875 0.015625 0.01640625
0 0.46328125 0.1984375 0.015625 0.015625
0 0.84609375 0.1234375 0.015625 0.01640625
0 0.1140625 0.66640625 0.01640625 0.01640625
0 0.55546875 0.603125 0.01640625 0.01640625
0 0.02734375 0.48125 0.01640625 0.0171875
0 0.4375 0.28828125 0.01484375 0.0140625
0 0.33359375 0.1234375 0.01484375 0.015625
0 0.79609375 0.36640625 0.0171875 0.0140625
0 0.7140625 0.3609375 0.01328125 0.01328125
0 0.571875 0.77109375 0.01640625 0.01484375
0 0.378125 0.54921875 0.0140625 0.015625
0 0.5734375 0.040625 0.0171875 0.01484375
0 0.29765625 0.65859375 0.0140625 0.01484375
0 0.2375 0.68125 0.01640625 0.01640625
0 0.40859375 0.046875 0.01640625 0.01328125
0 0.27265625 0.2390625 0.01484375 0.01484375
0 0.49453125 0.49296875 0.0140625 0.01328125
0 0.6984375 0.809375 0.015625 0.015625
0 0.30078125 0.04453125 0.0140625 0.0140625
0 0.6765625 0.653125 0.01796875 0.0171875
0 0.81796875 0.09296875 0.01875 0.0171875
0 0.6703125 0.52421875 0.01484375 0.0140625
0 0.48046875 0.19609375 0.01328125 0.01484375
0 0.821875 0.7078125 0.01484375 0.01484375
0 0.66640625 0.76015625 0.01484375 0.015625
0 0.78984375 0.84453125 0.01640625 0.01484375
0 0.04765625 0.53203125 0.015625 0.0171875
0 0.85 0.84296875 0.01484375 0.01484375
0 0.5765625 0.60859375 0.01640625 0.01484375
0 0.46875 0.88671875 0.015625 0.01484375
0 0.57265625 0.42890625 0.0140625 0.01796875
0 0.7375 0.815625 0.0140625 0.0140625
0 0.27265625 0.4984375 0.0125 0.01328125
0 0.8 0.765625 0.015625 0.015625
0 0.30234375 0.3140625 0.0140625 0.01484375
0 0.22421875 0.62421875 0.0171875 0.0203125
0 0.9640625 0.503125 0.0140625 0.0140625
0 0.17734375 0.55 0.01484375 0.01328125
0 0.14765625 0.55234375 0.015625 0.01484375
0 0.4703125 0.65546875 0.01484375 0.0171875
0 0.1375 0.30703125 0.015625 0.01640625
0 0.496875 0.91796875 0.0171875 0.01640625
0 0.33359375 0.65546875 0.0140625 0.01484375
0 0.8296875 0.01015625 0.01640625 0.015625
0 0.19765625 0.51875 0.01796875 0.0203125
0 0.359375 0.64765625 0.0140625 0.0140625
0 0.61953125 0.65859375 0.01484375 0.01328125
0 0.9125 0.021875 0.0140625 0.0125
0 0.1296875 0.371875 0.01875 0.015625
0 0.21484375 0.73125 0.01328125 0.01328125
0 0.56875 0.6421875 0.01484375 0.0140625
0 0.98046875 0.046875 0.01484375 0.01328125
0 0.78046875 0.771875 0.0140625 0.0140625
0 0.7859375 0.87890625 0.0171875 0.015625
0 0.4125 0.7140625 0.0125 0.0125
0 0.4015625 0.26796875 0.0171875 0.0203125
0 0.64921875 0.31953125 0.01796875 0.01875
0 0.928125 0.5984375 0.01484375 0.01484375
0 0.14296875 0.9359375 0.01484375 0.01484375
0 0.7625 0.659375 0.0140625 0.01328125
0 0.05703125 0.31875 0.0140625 0.01640625
0 0.7140625 0.44375 0.01171875 0.01171875
0 0.971875 0.6953125 0.0125 0.015625
0 0.61953125 0.9421875 0.0140625 0.0140625
0 0.7140625 0.62109375 0.01640625 0.01484375
0 0.68125 0.96796875 0.01640625 0.01328125
0 0.30703125 0.7984375 0.01328125 0.0140625
0 0.16484375 0.73203125 0.01328125 0.0171875
0 0.36484375 0.06640625 0.01484375 0.01484375
0 0.059375 0.5125 0.01484375 0.01640625
0 0.4234375 0.46640625 0.01484375 0.0125
0 0.42265625 0.45390625 0.01328125 0.0140625
0 0.64296875 0.6671875 0.01875 0.0140625
0 0.35546875 0.98125 0.01484375 0.01328125
0 0.08125 0.71484375 0.015625 0.01796875
0 0.90859375 0.59375 0.01484375 0.01328125
0 0.0140625 0.03828125 0.01328125 0.01328125
0 0.51796875 0.5328125 0.01328125 0.0109375
0 0.69453125 0.98359375 0.0140625 0.01171875
0 0.95625 0.03984375 0.0109375 0.0125
0 0.9875 0.384375 0.0203125 0.01328125
0 0.115625 0.54921875 0.015625 0.01875
0 0.4546875 0.690625 0.01171875 0.01171875
0 0.22734375 0.54765625 0.01015625 0.0109375
0 0.58125 0.82890625 0.0125 0.01328125
0 0.01953125 0.95 0.01015625 0.01484375
0 0.73359375 0.596875 0.0140625 0.0140625
0 0.74375 0.8421875 0.01171875 0.01484375
0 0.8734375 0.9921875 0.01796875 0.015625
0 0.89765625 0.4921875 0.0140625 0.0140625
0 0.2703125 0.33359375 0.0140625 0.01484375
0 0.9515625 0.89375 0.01640625 0.01484375
0 0.0328125 0.63125 0.01484375 0.01796875
0 0.0515625 0.63125 0.01328125 0.0125
0 0.26640625 0.74921875 0.01484375 0.01328125
0 0.26875 0.409375 0.0171875 0.01875