0 0.68203125 0.484375 0.015625 0.01640625
0 0.35546875 0.74296875 0.0140625 0.01484375
0 0.5015625 0.81171875 0.0140625 0.01640625
0 0.365625 0.81640625 0.0140625 0.01484375
0 0.3078125 0.7109375 0.01328125 0.01484375
0 0.78671875 0.8921875 0.0140625 0.0140625
0 0.8953125 0.60078125 0.0140625 0.015625
0 0.39140625 0.784375 0.01484375 0.015625
0 0.58046875 0.8734375 0.0140625 0.0140625
0 0.43125 0.6765625 0.01484375 0.0140625
0 0.70234375 0.44296875 0.0140625 0.0140625
0 0.6 0.290625 0.015625 0.015625
0 0.21640625 0.89921875 0.01640625 0.015625
0 0.7203125 0.76875 0.01484375 0.01484375
0 0.4640625 0.9328125 0.01484375 0.01328125
0 0.47265625 0.63828125 0.0140625 0.0140625
0 0.18125 0.5859375 0.01484375 0.01484375
0 0.61640625 0.528125 0.01484375 0.01328125
0 0.5953125 0.91171875 0.015625 0.01484375
0 0.04296875 0.79296875 0.01484375 0.01484375
0 0.384375 0.9265625 0.01640625 0.015625
0 0.93046875 0.57890625 0.01328125 0.01484375
0 0.9453125 0.48203125 0.0109375 0.0125
0 0.915625 0.7828125 0.0125 0.01171875
0 0.8078125 0.34375 0.01328125 0.0140625
0 0.20234375 0.33359375 0.0140625 0.01796875
0 0.23046875 0.796875 0.015625 0.0171875
0 0.615625 0.25859375 0.0140625 0.01328125
0 0.58828125 0.34375 0.015625 0.01484375
0 0.9265625 0.36875 0.0125 0.0140625
0 0.4046875 0.659375 0.0140625 0.0140625
0 0.17109375 0.29296875 0.015625 0.01640625
0 0.1625 0.48359375 0.0171875 0.015625
0 0.2265625 0.5484375 0.0140625 0.0171875
0 0.85703125 0.32578125 0.0125 0.01328125
0 0.91875 0.2265625 0.0140625 0.01484375
0 0.47421875 0.30859375 0.015625 0.015625
0 0.453125 0.9671875 0.015625 0.0140625
0 0.61875 0.1609375 0.01484375 0.01484375
0 0.5421875 0.7046875 0.01171875 0.0140625
0 0.64375 0.17265625 0.015625 0.015625
0 0.09453125 0.86171875 0.01796875 0.0171875
0 0.89140625 0.90703125 0.0140625 0.0140625
0 0.1234375 0.6390625 0.01640625 0.01796875
0 0.1015625 0.2421875 0.015625 0.01640625
0 0.49375 0.78515625 0.0171875 0.01796875
0 0.43046875 0.284375 0.01484375 0.01171875
0 0.75625 0.4421875 0.01796875 0.01875
0 0.96875 0.659375 0.01171875 0.01328125
0 0.51640625 0.1484375 0.01484375 0.01484375
0 0.7390625 0.5703125 0.0109375 0.01171875
0 0.64765625 0.71875 0.01484375 0.015625
0 0.21171875 0.36328125 0.0125 0.01875
0 0.940625 0.11328125 0.0140625 0.01484375
0 0.1078125 0.125 0.015625 0.0140625
0 0.0515625 0.12109375 0.0171875 0.01796875
0 0.55 0.50859375 0.0125 0.01171875
0 0.296875 0.05859375 0.01640625 0.015625
0 0.89765625 0.1015625 0.01484375 0.01484375
0 0.9546875 0.85625 0.0109375 0.01328125
0 0.2484375 0.06328125 0.01328125 0.0140625
0 0.02421875 0.51796875 0.01640625 0.0171875
0 0.815625 0.125 0.0171875 0.01953125
0 0.24375 0.94296875 0.01640625 0.015625
0 0.01015625 0.5015625 0.01875 0.015625
0 0.9609375 0.81953125 0.01171875 0.0125
0 0.32421875 0.37890625 0.0171875 0.01640625
0 0.08828125 0.52421875 0.0234375 0.02265625
0 0.96171875 0.0765625 0.015625 0.0171875
0 0.60703125 0.934375 0.0125 0.0109375
0 0.93828125 0.03828125 0.0125 0.0125
0 0.7015625 0.396875 0.0171875 0.02265625
0 0.21484375 0.0390625 0.01640625 0.01796875
0 0.14296875 0.0375 0.01484375 0.01796875
0 0.7859375 0.87265625 0.009375 0.01328125
0 0.02890625 0.85859375 0.02421875 0.01796875
0 0.021875 0.5765625 0.015625 0.0140625
0 0.8171875 0.68671875 0.021875 0.021875
0 0.39296875 0.91328125 0.0203125 0.015625
0 0.02734375 0.73125 0.015625 0.01640625
0 0.03671875 0.23828125 0.0140625 0.01875
0 0.021875 0.27578125 0.015625 0.0171875
0 0.0375 0.30078125 0.01953125 0.0171875
0 0.12890625 0.290625 0.0171875 0.015625
0 0.871875 0.1109375 0.01640625 0.015625
0 0.97734375 0.215625 0.01484375 0.0140625
0 0.93984375 0.34375 0.015625 0.01640625
0 0.740625 0.3484375 0.01484375 0.01171875
0 0.57421875 0.2875 0.01640625 0.015625
0 0.44921875 0.3078125 0.0140625 0.0140625
0 0.2609375 0.28671875 0.01484375 0.0140625
0 0.03359375 0.503125 0.01640625 0.0140625
0 0.34609375 0.54140625 0.015625 0.01640625
0 0.60625 0.55390625 0.01171875 0.0125
0 0.7015625 0.4765625 0.0125 0.0125
0 0.725 0.45703125 0.0140625 0.01640625
0 0.71171875 0.6203125 0.01875 0.01796875
0 0.37578125 0.7375 0.01484375 0.01484375
0 0.7375 0.80546875 0.015625 0.015625
0 0.75546875 0.78828125 0.01484375 0.0171875
0 0.98984375 0.87578125 0.01484375 0.01328125
0 0.7609375 0.915625 0.01484375 0.015625
0 0.75546875 0.9375 0.01171875 0.0140625
0 0.6671875 0.95078125 0.0171875 0.01328125
0 0.39296875 0.93515625 0.01484375 0.01484375
0 0.50703125 0.4015625 0.01875 0.0171875