0 0.63359375 0.4953125 0.01796875 0.0171875
0 0.71171875 0.43359375 0.01484375 0.01640625
0 0.6125 0.6484375 0.015625 0.0140625
0 0.97890625 0.5609375 0.01640625 0.015625
0 0.70234375 0.6 0.0171875 0.01796875
0 0.39609375 0.50078125 0.015625 0.01875
0 0.1359375 0.16875 0.015625 0.01640625
0 0.4671875 0.2984375 0.01875 0.01953125
0 0.99453125 0.403125 0.0109375 0.01640625
0 0.7828125 0.6125 0.025 0.021875
0 0.83046875 0.47890625 0.0109375 0.0140625
0 0.55546875 0.48125 0.02421875 0.02265625
0 0.9015625 0.45078125 0.01015625 0.009375
0 0.02890625 0.54296875 0.0171875 0.01640625
0 0.01875 0.5484375 0.015625 0.01953125
0 0.16484375 0.9921875 0.0328125 0.015625
0 0.24296875 0.94453125 0.02265625 0.01953125
0 0.2515625 0.9234375 0.0265625 0.02734375
0 0.453125 0.8859375 0.02421875 0.01875
0 0.4734375 0.89921875 0.02265625 0.025
0 0.45859375 0.90625 0.01796875 0.021875
0 0.665625 0.8875 0.0171875 0.015625
0 0.665625 0.871875 0.021875 0.01640625
0 0.94609375 0.953125 0.0203125 0.01953125