0 0.6328125 0.49609375 0.01953125 0.01640625
0 0.7015625 0.6 0.0171875 0.0171875
0 0.61171875 0.65 0.015625 0.01484375
0 0.71171875 0.43125 0.01484375 0.01640625
0 0.46328125 0.2953125 0.01875 0.01953125
0 0.9828125 0.56015625 0.0171875 0.015625
0 0.12734375 0.16640625 0.01640625 0.0171875
0 0.7859375 0.6125 0.021875 0.0203125
0 0.39140625 0.5015625 0.0171875 0.0203125
0 0.99609375 0.40078125 0.00703125 0.015625
0 0.8328125 0.478125 0.01171875 0.0140625
0 0.01484375 0.54765625 0.02734375 0.02734375
0 0.553125 0.48046875 0.021875 0.02109375
0 0.246875 0.93046875 0.02578125 0.02890625
0 0.23828125 0.9546875 0.025 0.025
0 0.4484375 0.89296875 0.0234375 0.02265625
0 0.47109375 0.9046875 0.021875 0.025
0 0.45625 0.91171875 0.01796875 0.01953125
0 0.66328125 0.89296875 0.0203125 0.0125
0 0.66484375 0.875 0.0203125 0.02265625
0 0.95078125 0.95546875 0.01796875 0.02109375