0 0.6203125 0.4921875 0.01640625 0.01640625
0 0.678125 0.59609375 0.015625 0.015625
0 0.9390625 0.57265625 0.01484375 0.0140625
0 0.5921875 0.63828125 0.0140625 0.0125
0 0.16640625 0.15859375 0.01484375 0.015625
0 0.47265625 0.29765625 0.01796875 0.01796875
0 0.6953125 0.43828125 0.01328125 0.01328125
0 0.95546875 0.4265625 0.0140625 0.0140625
0 0.39375 0.48515625 0.0171875 0.01875
0 0.7546875 0.6125 0.01953125 0.01875
0 0.840625 0.71640625 0.01796875 0.0171875
0 0.27578125 0.61484375 0.01015625 0.01015625
0 0.03203125 0.51015625 0.0265625 0.02421875
0 0.7203125 0.7125 0.00859375 0.0078125
0 0.875 0.11015625 0.015625 0.0140625
0 0.89375 0.95 0.01328125 0.015625
0 0.00390625 0.0609375 0.0078125 0.015625
0 0.1390625 0.965625 0.02421875 0.02265625
0 0.59296875 0.003125 0.01953125 0.00625
0 0.66484375 0.821875 0.01328125 0.0140625
0 0.45859375 0.95703125 0.00703125 0.009375
0 0.9859375 0.0484375 0.01015625 0.01328125
0 0.21796875 0.9125 0.01796875 0.01953125
0 0.2265625 0.8921875 0.02578125 0.02734375
0 0.44375 0.87734375 0.021875 0.01796875
0 0.42578125 0.865625 0.01953125 0.01796875
0 0.428125 0.88203125 0.01328125 0.01484375
0 0.63203125 0.859375 0.01953125 0.01875
0 0.63046875 0.875 0.0171875 0.01484375