0 0.64609375 0.49296875 0.01796875 0.0140625
0 0.70390625 0.59609375 0.0171875 0.01640625
0 0.71953125 0.4390625 0.0140625 0.015625
0 0.9640625 0.57265625 0.015625 0.01484375
0 0.41875 0.48828125 0.015625 0.0171875
0 0.496875 0.29921875 0.01796875 0.01875
0 0.9796875 0.4265625 0.01484375 0.0140625
0 0.6171875 0.63828125 0.0171875 0.0140625
0 0.18984375 0.1609375 0.01640625 0.01640625
0 0.7796875 0.61171875 0.021875 0.0203125
0 0.16640625 0.965625 0.02421875 0.021875
0 0.9203125 0.94765625 0.0125 0.0171875
0 0.57109375 0.47578125 0.0203125 0.01953125
0 0.24453125 0.91328125 0.02265625 0.0203125
0 0.25234375 0.8921875 0.02734375 0.028125
0 0.47109375 0.87734375 0.0203125 0.0234375
0 0.45078125 0.8640625 0.02265625 0.01953125
0 0.45546875 0.8828125 0.01796875 0.01875
0 0.6546875 0.85859375 0.01875 0.0171875
0 0.65390625 0.87421875 0.01796875 0.01328125
0 0.865625 0.71953125 0.01875 0.01875
0 0.02421875 0.06171875 0.0140625 0.01484375
0 0.01640625 0.071875 0.01796875 0.02109375
0 0.06328125 0.509375 0.01796875 0.01953125
0 0.05234375 0.5171875 0.01796875 0.01953125