0 0.37734375 0.325 0.01796875 0.01484375
0 0.43203125 0.1453125 0.01484375 0.01484375
0 0.37734375 0.3421875 0.0171875 0.0140625
0 0.59453125 0.59453125 0.01484375 0.0140625
0 0.6234375 0.43203125 0.015625 0.015625
0 0.55625 0.0890625 0.0140625 0.0140625
0 0.4296875 0.16484375 0.015625 0.0140625
0 0.7375 0.3515625 0.0125 0.0125
0 0.44375 0.38671875 0.0140625 0.0140625
0 0.8625 0.10234375 0.01640625 0.0125
0 0.75078125 0.47109375 0.01484375 0.0140625
0 0.7046875 0.45859375 0.01484375 0.01328125
0 0.890625 0.31484375 0.01484375 0.0140625
0 0.79609375 0.50703125 0.0140625 0.01328125
0 0.10234375 0.70078125 0.01484375 0.01484375
0 0.0453125 0.31484375 0.0125 0.0125
0 0.9765625 0.5203125 0.01484375 0.01328125
0 0.1421875 0.840625 0.0140625 0.0140625
0 0.78828125 0.13671875 0.01328125 0.0125
0 0.81171875 0.28828125 0.0125 0.01484375
0 0.4734375 0.1609375 0.01484375 0.01328125
0 0.46328125 0.8375 0.0125 0.01171875
0 0.784375 0.45234375 0.0125 0.01171875
0 0.446875 0.01953125 0.01328125 0.01484375
0 0.55625 0.1328125 0.0203125 0.01953125
0 0.371875 0.728125 0.0125 0.0125
0 0.63984375 0.63828125 0.01171875 0.0125
0 0.96328125 0.38515625 0.01328125 0.01171875
0 0.9828125 0.53984375 0.0140625 0.01328125
0 0.690625 0.59921875 0.0125 0.01171875
0 0.4953125 0.66875 0.01015625 0.0109375
0 0.06328125 0.7078125 0.0140625 0.01171875
0 0.30625 0.14609375 0.01328125 0.01484375
0 0.02421875 0.30703125 0.0125 0.01171875
0 0.48984375 0.153125 0.01171875 0.01484375
0 0.034375 0.78828125 0.01171875 0.0125
0 0.5 0.89140625 0.01015625 0.0125
0 0.77890625 0.5875 0.01171875 0.01171875
0 0.79765625 0.7328125 0.0125 0.0109375
0 0.7078125 0.78203125 0.01015625 0.01171875
0 0.96640625 0.23203125 0.0125 0.01171875
0 0.22734375 0.9578125 0.0125 0.01328125
0 0.64609375 0.7921875 0.021875 0.02109375
0 0.34140625 0.9578125 0.0125 0.0140625
0 0.90625 0.9328125 0.0109375 0.01015625
0 0.67109375 0.85234375 0.021875 0.01640625
0 0.71328125 0.98828125 0.01328125 0.01328125
0 0.27734375 0.9578125 0.015625 0.01640625
0 0.575 0.87265625 0.009375 0.009375
0 0.2375 0.90859375 0.02109375 0.01796875
0 0.1984375 0.93984375 0.01640625 0.0171875