0 0.80234375 0.71796875 0.0171875 0.0171875
0 0.88359375 0.5015625 0.01484375 0.0140625
0 0.8703125 0.6109375 0.0140625 0.015625
0 0.10078125 0.78828125 0.01328125 0.0140625
0 0.98125 0.696875 0.01484375 0.01640625
0 0.234375 0.76328125 0.0140625 0.0125
0 0.3703125 0.4265625 0.01484375 0.015625
0 0.2796875 0.9359375 0.0140625 0.0140625
0 0.884375 0.46796875 0.0171875 0.0171875
0 0.91796875 0.5578125 0.01328125 0.01328125
0 0.178125 0.61875 0.01640625 0.0140625
0 0.21328125 0.48359375 0.0140625 0.01640625
0 0.4296875 0.9 0.0140625 0.01328125
0 0.80703125 0.35859375 0.01875 0.01484375
0 0.7859375 0.49375 0.01328125 0.0140625
0 0.10546875 0.52421875 0.01484375 0.01328125
0 0.15625 0.21953125 0.01796875 0.01640625
0 0.21171875 0.61953125 0.0140625 0.0140625
0 0.628125 0.7015625 0.0125 0.01328125
0 0.83671875 0.1328125 0.0140625 0.01640625
0 0.3046875 0.7203125 0.01171875 0.01171875
0 0.38828125 0.153125 0.0140625 0.01875
0 0.45234375 0.31484375 0.01328125 0.015625
0 0.43671875 0.3296875 0.0125 0.015625
0 0.06484375 0.409375 0.01640625 0.01484375
0 0.95703125 0.66953125 0.01171875 0.01484375
0 0.00859375 0.17890625 0.015625 0.0203125
0 0.71328125 0.06484375 0.0140625 0.01875
0 0.48828125 0.15625 0.01484375 0.01640625
0 0.25 0.39921875 0.01328125 0.01484375
0 0.05390625 0.784375 0.009375 0.0125
0 0.0921875 0.0671875 0.01796875 0.01875
0 0.81015625 0.7671875 0.01328125 0.01328125
0 0.64140625 0.96640625 0.01171875 0.01171875
0 0.3453125 0.3734375 0.0140625 0.0171875
0 0.95859375 0.7515625 0.0125 0.00859375
0 0.56484375 0.5359375 0.01328125 0.015625
0 0.696875 0.85625 0.01328125 0.01484375
0 0.9609375 0.15078125 0.01015625 0.0140625
0 0.953125 0.59296875 0.01015625 0.0109375
0 0.70625 0.02890625 0.015625 0.015625
0 0.4875 0.2109375 0.01640625 0.01796875
0 0.871875 0.8125 0.01875 0.0234375
0 0.553125 0.1828125 0.021875 0.0296875
0 0.51484375 0.40546875 0.01484375 0.02265625
0 0.9578125 0.8 0.0203125 0.01015625
0 0.17734375 0.08046875 0.0171875 0.01640625
0 0.7921875 0.234375 0.01640625 0.01953125
0 0.9921875 0.5875 0.015625 0.01953125