0 0.26796875 0.496875 0.02265625 0.01875
0 0.49296875 0.23203125 0.01484375 0.01484375
0 0.86875 0.43671875 0.01796875 0.0171875
0 0.08984375 0.73515625 0.0171875 0.01796875
0 0.69765625 0.3984375 0.01640625 0.01640625
0 0.43046875 0.6546875 0.015625 0.01640625
0 0.8 0.25078125 0.0171875 0.0171875
0 0.565625 0.28125 0.01484375 0.015625
0 0.87890625 0.3453125 0.021875 0.0171875
0 0.90390625 0.81328125 0.01796875 0.0171875
0 0.85078125 0.509375 0.015625 0.01484375
0 0.87265625 0.18125 0.0140625 0.015625
0 0.4203125 0.68984375 0.01328125 0.01484375
0 0.3171875 0.1390625 0.01640625 0.0171875
0 0.87734375 0.01484375 0.0140625 0.01796875
0 0.140625 0.75625 0.01640625 0.01484375
0 0.61171875 0.396875 0.0125 0.01328125
0 0.27109375 0.40234375 0.02578125 0.0265625
0 0.190625 0.36328125 0.01484375 0.01484375
0 0.73046875 0.52109375 0.0140625 0.01328125
0 0.32578125 0.3 0.01484375 0.01484375
0 0.96328125 0.93203125 0.02109375 0.0203125
0 0.94765625 0.8625 0.0234375 0.01953125
0 0.74453125 0.82421875 0.021875 0.01796875
0 0.09921875 0.825 0.01796875 0.01640625
0 0.12890625 0.83203125 0.0171875 0.01328125
0 0.4109375 0.71796875 0.01796875 0.0140625
0 0.1875 0.725 0.0140625 0.01015625
0 0.3015625 0.53515625 0.0171875 0.015625
0 0.79921875 0.95859375 0.0171875 0.01640625