0 0.634375 0.41953125 0.01875 0.0171875
0 0.6046875 0.528125 0.01640625 0.015625
0 0.69140625 0.44296875 0.01796875 0.01640625
0 0.51953125 0.36015625 0.01796875 0.0171875
0 0.55703125 0.57734375 0.01875 0.0171875
0 0.74453125 0.359375 0.01953125 0.01796875
0 0.78359375 0.18515625 0.0171875 0.01640625
0 0.53828125 0.67109375 0.01875 0.0171875
0 0.20625 0.53828125 0.01953125 0.01875
0 0.70859375 0.15859375 0.01875 0.015625
0 0.3765625 0.2546875 0.01796875 0.01640625
0 0.31953125 0.34921875 0.01796875 0.0171875
0 0.24140625 0.5921875 0.01953125 0.01953125
0 0.625 0.45703125 0.01875 0.01796875
0 0.1703125 0.30625 0.0203125 0.01953125
0 0.52890625 0.13046875 0.01640625 0.015625
0 0.634375 0.675 0.01796875 0.0171875
0 0.796875 0.53359375 0.0171875 0.01484375
0 0.30625 0.82890625 0.021875 0.01953125
0 0.38828125 0.81640625 0.01953125 0.0171875
0 0.91796875 0.28984375 0.0171875 0.0171875
0 0.79140625 0.8015625 0.01796875 0.01875
0 0.35703125 0.66640625 0.01953125 0.01796875
0 0.63515625 0.81953125 0.01953125 0.01875
0 0.4703125 0.0953125 0.01875 0.01875
0 0.8296875 0.77109375 0.0171875 0.01640625
0 0.77109375 0.14921875 0.01796875 0.0171875
0 0.13671875 0.43359375 0.025 0.02265625
0 0.6046875 0.81953125 0.01796875 0.0171875
0 0.815625 0.72109375 0.0171875 0.0171875
0 0.18046875 0.2796875 0.01953125 0.01328125
0 0.31484375 0.59453125 0.021875 0.0203125
0 0.85859375 0.8171875 0.0203125 0.01953125
0 0.3421875 0.6234375 0.01953125 0.0203125
0 0.46953125 0.0296875 0.01875 0.01796875
0 0.3609375 0.51953125 0.01953125 0.01875
0 0.41796875 0.1 0.01875 0.01796875
0 0.98125 0.32578125 0.015625 0.01796875
0 0.44921875 0.409375 0.0171875 0.01953125
0 0.0796875 0.68203125 0.01875 0.01953125
0 0.43671875 0.825 0.01875 0.01640625
0 0.6296875 0.25 0.01796875 0.02109375
0 0.22578125 0.88359375 0.01953125 0.01796875
0 0.94375 0.17578125 0.01875 0.01875
0 0.8390625 0.34296875 0.015625 0.01875
0 0.52890625 0.85234375 0.01953125 0.015625
0 0.8125 0.89140625 0.01875 0.01484375
0 0.19375 0.66484375 0.01953125 0.021875
0 0.27578125 0.10234375 0.01640625 0.01640625
0 0.18828125 0.3640625 0.0265625 0.021875
0 0.87265625 0.0109375 0.01796875 0.01640625
0 0.815625 0.76328125 0.0171875 0.0171875
0 0.51875 0.9265625 0.01875 0.01484375
0 0.38125 0.95859375 0.01953125 0.01640625
0 0.53984375 0.96015625 0.01875 0.0171875
0 0.62734375 0.5109375 0.01484375 0.0140625
0 0.36875 0.921875 0.01875 0.01328125
0 0.6921875 0.809375 0.01484375 0.01484375
0 0.0453125 0.6453125 0.01640625 0.01640625
0 0.38046875 0.28203125 0.0140625 0.01328125
0 0.77890625 0.9875 0.01875 0.01640625
0 0.9859375 0.92578125 0.0125 0.01796875
0 0.2875 0.71171875 0.0171875 0.01484375
0 0.9265625 0.59453125 0.0140625 0.015625
0 0.28671875 0.23828125 0.01171875 0.01328125
0 0.25390625 0.85859375 0.01484375 0.01484375
0 0.07265625 0.10703125 0.01953125 0.02109375
0 0.2625 0.040625 0.01875 0.01875
0 0.2953125 0.1296875 0.01953125 0.0171875
0 0.00859375 0.22109375 0.0171875 0.02265625
0 0.00546875 0.24140625 0.0109375 0.021875
0 0.075 0.32265625 0.01640625 0.01875
0 0.06875 0.359375 0.01796875 0.02578125
0 0.2484375 0.40078125 0.01640625 0.015625
0 0.3046875 0.334375 0.01640625 0.0171875
0 0.45625 0.36640625 0.01953125 0.0171875
0 0.54765625 0.06484375 0.01484375 0.0171875
0 0.7375 0.228125 0.01640625 0.01640625
0 0.96328125 0.08203125 0.01640625 0.01640625
0 0.965625 0.05078125 0.01796875 0.01953125
0 0.99453125 0.02109375 0.01015625 0.0203125
0 0.96171875 0.28671875 0.01875 0.021875
0 0.925 0.32421875 0.0203125 0.01796875
0 0.9421875 0.35390625 0.02421875 0.015625
0 0.98515625 0.40390625 0.0203125 0.02578125
0 0.97109375 0.5078125 0.01640625 0.01875
0 0.96484375 0.55390625 0.01875 0.0203125
0 0.40234375 0.46640625 0.0140625 0.021875
0 0.478125 0.5234375 0.0171875 0.01796875
0 0.48125 0.565625 0.0171875 0.01875
0 0.2859375 0.5609375 0.0171875 0.01640625
0 0.2765625 0.59921875 0.0203125 0.021875
0 0.1203125 0.64375 0.0171875 0.01875
0 0.025 0.68671875 0.021875 0.01796875
0 0.07265625 0.75703125 0.01875 0.01953125
0 0.04765625 0.75625 0.01875 0.01875
0 0.02890625 0.79375 0.015625 0.01875
0 0.2078125 0.77421875 0.02890625 0.01796875
0 0.2625 0.6703125 0.02734375 0.0203125
0 0.27890625 0.921875 0.02265625 0.01640625
0 0.25625 0.93671875 0.0140625 0.0140625
0 0.4 0.92109375 0.02421875 0.0140625
0 0.43359375 0.89609375 0.0234375 0.01328125
0 0.4921875 0.8296875 0.02421875 0.02109375
0 0.60859375 0.94296875 0.02109375 0.015625
0 0.69375 0.9328125 0.01875 0.01953125
0 0.69375 0.978125 0.02265625 0.0171875
0 0.44921875 0.73671875 0.01875 0.01953125
0 0.790625 0.0890625 0.021875 0.015625